iteration  100
random  [ 0.14  0.15  0.25  0.2   0.33  0.32  0.26  0.29  0.37  0.33  0.5   0.56
  0.44  0.56  0.54  0.6   0.72  0.71  0.73  0.82  0.85  0.88  0.94  1.12
  1.1   1.15  1.13  1.25  1.28  1.33  1.54  1.45  1.72  1.62  1.82  1.85
  1.85  2.06  2.12  2.22  2.43  2.39  2.39  2.57  2.82  2.92  2.88  3.06
  2.92  3.15  3.21  3.28  3.44  3.34  3.6   3.6   3.74  3.74  3.79  3.73
  3.98  3.99  4.22  4.23  4.31  4.33  4.39  4.39  4.45  4.49  4.45  4.58
  4.62  4.62  4.68  4.71  4.77  4.76  4.78  4.83  4.82  4.88  4.88  4.87
  4.81  4.88  4.86  4.92  4.95  4.91  4.94  4.94  4.94  4.99  4.94  4.98
  4.97  4.99  4.98  4.96]
sink  [ 0.1   0.21  0.3   0.33  0.42  0.45  0.55  0.67  0.71  0.8   0.94  0.93
  0.93  1.03  1.08  1.17  1.26  1.23  1.47  1.54  1.46  1.61  1.76  1.81
  1.8   1.95  2.05  2.02  2.18  2.22  2.27  2.37  2.42  2.44  2.7   2.75
  2.84  2.84  3.05  3.12  3.11  3.2   3.21  3.3   3.41  3.48  3.55  3.6
  3.69  3.74  3.85  3.89  3.88  4.01  4.03  4.23  4.2   4.22  4.27  4.24
  4.34  4.39  4.45  4.46  4.45  4.51  4.56  4.55  4.68  4.7   4.71  4.74
  4.78  4.81  4.84  4.88  4.88  4.88  4.88  4.94  4.95  4.94  4.97  4.96
  4.92  4.94  4.97  4.96  4.99  4.99  4.98  4.99  4.99  5.    4.96  4.98
  4.97  4.99  4.97  4.98]
oc  [ 0.14  0.18  0.21  0.28  0.29  0.31  0.48  0.44  0.6   0.57  0.77  0.87
  0.94  0.91  1.1   1.2   1.3   1.48  1.51  1.61  1.73  1.69  1.92  2.05
  2.14  2.27  2.31  2.32  2.5   2.69  2.8   3.02  3.13  3.18  3.26  3.4
  3.56  3.64  3.75  3.81  3.85  3.94  4.03  4.11  4.15  4.3   4.31  4.41
  4.46  4.52  4.56  4.57  4.63  4.67  4.73  4.76  4.81  4.81  4.88  4.92
  4.95  4.9   4.96  4.96  4.96  4.97  4.98  4.98  4.97  4.99  4.98  4.99
  4.97  5.    4.99  4.96  4.99  4.99  4.98  4.96  4.98  4.96  5.    4.98
  4.97  4.97  4.97  4.99  4.98  4.97  4.97  4.97  4.99  4.97  4.97  5.
  4.97  4.97  5.    4.97]

random
0.14,0.15,0.25,0.2,0.33,0.32,0.26,0.29,0.37,0.33,0.5,0.56,0.44,0.56,0.54,0.6,0.72,0.71,0.73,0.82,0.85,0.88,0.94,1.12,1.1,1.15,1.13,1.25,1.28,1.33,1.54,1.45,1.72,1.62,1.82,1.85,1.85,2.06,2.12,2.22,2.43,2.39,2.39,2.57,2.82,2.92,2.88,3.06,2.92,3.15,3.21,3.28,3.44,3.34,3.6,3.6,3.74,3.74,3.79,3.73,3.98,3.99,4.22,4.23,4.31,4.33,4.39,4.39,4.45,4.49,4.45,4.58,4.62,4.62,4.68,4.71,4.77,4.76,4.78,4.83,4.82,4.88,4.88,4.87,4.81,4.88,4.86,4.92,4.95,4.91,4.94,4.94,4.94,4.99,4.94,4.98,4.97,4.99,4.98,4.96,


sink  
0.1,0.21,0.3,0.33,0.42,0.45,0.55,0.67,0.71,0.8,0.94,0.93,,0.93,1.03,1.08,1.17,1.26,1.23,1.47,1.54,1.46,1.61,1.76,1.81,,1.8,1.95,2.05,2.02,2.18,2.22,2.27,2.37,2.42,2.44,2.7,2.75,,2.84,2.84,3.05,3.12,3.11,3.2,3.21,3.3,3.41,3.48,3.55,3.6,,3.69,3.74,3.85,3.89,3.88,4.01,4.03,4.23,4.2,4.22,4.27,4.24,,4.34,4.39,4.45,4.46,4.45,4.51,4.56,4.55,4.68,4.7,4.71,4.74,,4.78,4.81,4.84,4.88,4.88,4.88,4.88,4.94,4.95,4.94,4.97,4.96,,4.92,4.94,4.97,4.96,4.99,4.99,4.98,4.99,4.99,5.,4.96,4.98,,4.97,4.99,4.97,4.98,


oc  
0.14,0.18,0.21,0.28,0.29,0.31,0.48,0.44,0.6,0.57,0.77,0.87,0.94,0.91,1.1,1.2,1.3,1.48,1.51,1.61,1.73,1.69,1.92,2.05,2.14,2.27,2.31,2.32,2.5,2.69,2.8,3.02,3.13,3.18,3.26,3.4,3.56,3.64,3.75,3.81,3.85,3.94,4.03,4.11,4.15,4.3,4.31,4.41,4.46,4.52,4.56,4.57,4.63,4.67,4.73,4.76,4.81,4.81,4.88,4.92,4.95,4.9,4.96,4.96,4.96,4.97,4.98,4.98,4.97,4.99,4.98,4.99,4.97,5.,4.99,4.96,4.99,4.99,4.98,4.96,4.98,4.96,5.,4.98,4.97,4.97,4.97,4.99,4.98,4.97,4.97,4.97,4.99,4.97,4.97,5.,4.97,4.97,5.,4.97,
