
n  1400
links failure: 
[(59, 39), (61, 9), (77, 70)]
rand accuracy 
[ 0.97871429  0.9789      0.97915714  0.97938571  0.97954286  0.97972857
  0.97999286  0.98021429  0.98037143  0.98062857  0.98085714  0.98102857
  0.98127143  0.98151429  0.98175714  0.98199286  0.98215714  0.98231429
  0.9826      0.98286429  0.98305714  0.98322143  0.98338571  0.98365714
  0.9839      0.98416429  0.98430714  0.98449286  0.98467857  0.98486429
  0.98502143  0.98521429  0.9854      0.98557143  0.98579286  0.98593571
  0.98621429  0.98637857  0.98652143  0.98674286  0.98693571  0.98707143
  0.9873      0.98745     0.98767143  0.98793571  0.98821429  0.98842143
  0.98861429  0.98880714  0.98903571  0.98923571  0.98945714  0.9897
  0.98992143  0.99019286  0.99035714  0.99054286  0.99075714  0.991
  0.99129286  0.99156429  0.99175     0.99195     0.99210714  0.9923
  0.99261429  0.9928      0.99300714  0.99319286  0.99342143  0.99360714
  0.99380714  0.99404286  0.99428571  0.99450714  0.99467857  0.99488571
  0.99517857  0.99542857  0.99567857  0.99587857  0.99605714  0.99625714
  0.99653571  0.99677143  0.99702857  0.99722857  0.99753571  0.99773571
  0.99791429  0.99812857  0.99827857  0.99852143  0.99874286  0.99895
  0.99918571  0.99935714  0.99961429  0.99985714]
oc accuracy 
[ 0.97871429  0.97871429  0.97871429  0.97882857  0.97928571  0.97957857
  0.97951429  0.98037857  0.98051429  0.98161429  0.98222143  0.98252857
  0.98315     0.98395     0.98464286  0.98539286  0.9857      0.98612143
  0.98669286  0.98694286  0.98727143  0.98741429  0.98777143  0.98819286
  0.98868571  0.98885     0.98922143  0.98963571  0.98997857  0.99019286
  0.99054286  0.99076429  0.99101429  0.9911      0.99145714  0.99156429
  0.99179286  0.99206429  0.99212143  0.99235714  0.99257857  0.99262143
  0.99289286  0.99298571  0.99312143  0.99335     0.99345714  0.99352143
  0.99358571  0.99381429  0.99390714  0.99408571  0.99417857  0.99427143
  0.99435714  0.99435714  0.99454286  0.99453571  0.99453571  0.99472857
  0.99474286  0.99477857  0.99481429  0.99489286  0.99494286  0.995
  0.99500714  0.99514286  0.99511429  0.99515     0.99512857  0.99523571
  0.99530714  0.99523571  0.99535714  0.99538571  0.99547143  0.99541429
  0.99542143  0.99547857  0.99547857  0.99555714  0.99551429  0.99557857
  0.99555714  0.99562143  0.99572143  0.9957      0.99563571  0.9957
  0.99573571  0.99581429  0.99575714  0.99580714  0.99571429  0.99581429
  0.99583571  0.99594286  0.99591429  0.99585   ]
link fails 
{(40, 3): [21, 10], (81, 19): [26, 11], (70, 54): [22, 4], (24, 4): [17, 19], (81, 9): [30, 6], (77, 74): [3, 19], (40, 0): [18, 2], (12, 6): [25, 1], (50, 39): [22, 0], (82, 29): [19, 4], (37, 26): [22, 5], (78, 32): [24, 0], (91, 8): [31, 9], (99, 78): [17, 7], (95, 92): [27, 1], (46, 45): [20, 7], (99, 41): [15, 13], (46, 32): [26, 3], (95, 57): [21, 8], (67, 7): [22, 13], (50, 2): [20, 14], (89, 26): [29, 0], (85, 59): [24, 2], (28, 22): [25, 4], (51, 5): [19, 5], (77, 10): [19, 4], (90, 18): [16, 13], (61, 9): [43, 2], (42, 6): [22, 3], (88, 36): [13, 9], (85, 62): [15, 10], (59, 39): [24, 1], (35, 3): [19, 4], (34, 9): [36, 1], (84, 65): [17, 11], (78, 50): [39, 0], (60, 9): [15, 14], (92, 22): [25, 2], (92, 67): [23, 3], (96, 6): [23, 5], (51, 25): [24, 1], (68, 31): [19, 3], (92, 63): [15, 6], (66, 38): [23, 11], (96, 58): [21, 10], (81, 64): [0, 30], (78, 71): [23, 4], (35, 30): [19, 3], (80, 32): [22, 7], (77, 29): [22, 1], (14, 3): [16, 13], (53, 25): [17, 13], (85, 16): [16, 12], (39, 26): [18, 1], (93, 33): [21, 8], (82, 6): [28, 2], (66, 24): [35, 1], (59, 44): [15, 4], (48, 28): [19, 7], (83, 12): [24, 6], (95, 20): [20, 11], (23, 1): [22, 8], (71, 11): [5, 20], (9, 6): [22, 0], (97, 63): [20, 13], (80, 17): [18, 9], (95, 36): [29, 7], (25, 24): [26, 2], (56, 37): [10, 14], (91, 72): [34, 1], (95, 0): [26, 2], (66, 39): [33, 0], (44, 33): [20, 5], (86, 83): [21, 7], (73, 49): [25, 5], (98, 89): [22, 2], (78, 29): [23, 0], (92, 50): [29, 0], (39, 21): [20, 6], (94, 21): [17, 6], (50, 15): [15, 4], (52, 49): [16, 12], (61, 23): [21, 4], (92, 91): [28, 0], (55, 12): [22, 7], (98, 90): [31, 3], (69, 9): [19, 7], (43, 10): [9, 17], (77, 70): [28, 4], (76, 75): [31, 3], (87, 45): [7, 17], (85, 13): [15, 13], (47, 44): [19, 17], (68, 23): [19, 6], (92, 84): [23, 4], (34, 27): [27, 2], (77, 73): [24, 2], (79, 15): [24, 11], (76, 72): [20, 3]}

rand
0.97871429,0.9789,0.97915714,0.97938571,0.97954286,0.97972857,0.97999286,0.98021429,0.98037143,0.98062857,0.98085714,0.98102857,0.98127143,0.98151429,0.98175714,0.98199286,0.98215714,0.98231429,0.9826,0.98286429,0.98305714,0.98322143,0.98338571,0.98365714,0.9839,0.98416429,0.98430714,0.98449286,0.98467857,0.98486429,0.98502143,0.98521429,0.9854,0.98557143,0.98579286,0.98593571,0.98621429,0.98637857,0.98652143,0.98674286,0.98693571,0.98707143,0.9873,0.98745,0.98767143,0.98793571,0.98821429,0.98842143,0.98861429,0.98880714,0.98903571,0.98923571,0.98945714,0.9897,0.98992143,0.99019286,0.99035714,0.99054286,0.99075714,0.991,0.99129286,0.99156429,0.99175,0.99195,0.99210714,0.9923,0.99261429,0.9928,0.99300714,0.99319286,0.99342143,0.99360714,0.99380714,0.99404286,0.99428571,0.99450714,0.99467857,0.99488571,0.99517857,0.99542857,0.99567857,0.99587857,0.99605714,0.99625714,0.99653571,0.99677143,0.99702857,0.99722857,0.99753571,0.99773571,0.99791429,0.99812857,0.99827857,0.99852143,0.99874286,0.99895,0.99918571,0.99935714,0.99961429,0.99985714,

oc
0.97871429,0.97871429,0.97871429,0.97882857,0.97928571,0.97957857,0.97951429,0.98037857,0.98051429,0.98161429,0.98222143,0.98252857,0.98315,0.98395,0.98464286,0.98539286,0.9857,0.98612143,0.98669286,0.98694286,0.98727143,0.98741429,0.98777143,0.98819286,0.98868571,0.98885,0.98922143,0.98963571,0.98997857,0.99019286,0.99054286,0.99076429,0.99101429,0.9911,0.99145714,0.99156429,0.99179286,0.99206429,0.99212143,0.99235714,0.99257857,0.99262143,0.99289286,0.99298571,0.99312143,0.99335,0.99345714,0.99352143,0.99358571,0.99381429,0.99390714,0.99408571,0.99417857,0.99427143,0.99435714,0.99435714,0.99454286,0.99453571,0.99453571,0.99472857,0.99474286,0.99477857,0.99481429,0.99489286,0.99494286,0.995,0.99500714,0.99514286,0.99511429,0.99515,0.99512857,0.99523571,0.99530714,0.99523571,0.99535714,0.99538571,0.99547143,0.99541429,0.99542143,0.99547857,0.99547857,0.99555714,0.99551429,0.99557857,0.99555714,0.99562143,0.99572143,0.9957,0.99563571,0.9957,0.99573571,0.99581429,0.99575714,0.99580714,0.99571429,0.99581429,0.99583571,0.99594286,0.99591429,0.99585,,






